SIZES
  nstack                1703936
  nbuffer               18560
  nplugin               0
  pstack                49
  parena                88
  maxuse_stack          472
  maxuse_arena          17816
  maxuse_con            8
  maxuse_efc            32
  solver_iter           0
  solver_nnz            49
  nbodypair_broad       4
  nbodypair_narrow      0
  ngeompair_mid         2
  ngeompair_narrow      0
  ne                    0
  nf                    0
  nefc                  0
  nnzJ                  0
  ncon                  0

TIMER
    0:  duration =  0          number = 0
    1:  duration =  0.49       number = 13
    2:  duration =  0          number = 0
    3:  duration =  0.31       number = 13
    4:  duration =  0.089      number = 13
    5:  duration =  0.028      number = 13
    6:  duration =  0.022      number = 13
    7:  duration =  0.0043     number = 13
    8:  duration =  0.13       number = 13
    9:  duration =  0.042      number = 13
    10:  duration =  0.04       number = 13
    11:  duration =  0.077      number = 13
    12:  duration =  0.0043     number = 13

ENERGY =   0         0       

TIME =  7.5     

QPOS
   0       
   0       
   0       
   0       
   0       
   0       
   0       

QVEL
   0.42    
  -1       
   1.6     
   0.0071  
   0.004   
   0.0071  
   0.004   

QACC_WARMSTART
  -10      
   0.015   
   0.26    
  -0.35    
  -3.7     
  -0.35    
  -3.7     

CTRL
   0       
   0       
   0       
   0       
   0       
   0       
   0       
   0       
   0       
   0       
   0       
   0       

QFRC_APPLIED
   0       
   0       
   0       
   0       
   0       
   0       
   0       

XFRC_APPLIED
   0         0         0         0         0         0       
   0         0         0         0         0         0       
   0         0         0         0         0         0       
   0         0         0         0         0         0       
   0         0         0         0         0         0       
   0         0         0         0         0         0       
   0         0         0         0         0         0       
   0         0         0         0         0         0       
   0         0         0         0         0         0       
   0         0         0         0         0         0       
   0         0         0         0         0         0       
   0         0         0         0         0         0       
   0         0         0         0         0         0       
   0         0         0         0         0         0       
   0         0         0         0         0         0       
   0         0         0         0         0         0       

QACC
  -10      
   0.015   
   0.26    
  -0.35    
  -3.7     
  -0.35    
  -3.7     

XPOS
   0         0         0       
   0         0         0.71    
   0         0.047     0.58    
  -0.025     0.089     0.52    
   0.035     0.061     0.5     
   0.035     0.082     0.25    
   0        -0.047     0.58    
  -0.025    -0.089     0.52    
   0.035    -0.061     0.5     
   0.035    -0.082     0.25    
   0         0.047     0.84    
   0         0.073     0.91    
   0         0.13      0.74    
   0        -0.047     0.84    
   0        -0.073     0.91    
   0        -0.13      0.74    

XQUAT
   1         0         0         0       
   1         0         0         0       
   1         0         0         0       
   1         0         0         0       
   1         0         0         0       
   1         0         0         0       
   1         0         0         0       
   1         0         0         0       
   1         0         0         0       
   1         0         0         0       
   1         0         0         0       
   1         0         0         0       
   1         0         0         0       
   1         0         0         0       
   1         0         0         0       
   1         0         0         0       

XMAT
   1         0         0         0         1         0         0         0         1       
   1         0         0         0         1         0         0         0         1       
   1         0         0         0         1         0         0         0         1       
   1         0         0         0         1         0         0         0         1       
   1         0         0         0         1         0         0         0         1       
   1         0         0         0         1         0         0         0         1       
   1         0         0         0         1         0         0         0         1       
   1         0         0         0         1         0         0         0         1       
   1         0         0         0         1         0         0         0         1       
   1         0         0         0         1         0         0         0         1       
   1         0         0         0         1         0         0         0         1       
   1         0         0         0         1         0         0         0         1       
   1         0         0         0         1         0         0         0         1       
   1         0         0         0         1         0         0         0         1       
   1         0         0         0         1         0         0         0         1       
   1         0         0         0         1         0         0         0         1       

XIPOS
   0         0         0       
   0         0         0.71    
  -0.044     0.085     0.52    
   0.023     0.038     0.51    
   0.038     0.1       0.46    
   0.035     0.082     0.15    
  -0.044    -0.085     0.52    
   0.023    -0.038     0.51    
   0.038    -0.1       0.46    
   0.035    -0.082     0.15    
   0         0.047     0.9     
   0         0.12      0.85    
   0         0.13      0.66    
   0        -0.047     0.9     
   0        -0.12      0.85    
   0        -0.13      0.66    

XIMAT
   1         0         0         0         1         0         0         0         1       
   1         0         0         0         1         0         0         0         1       
   0.78      0.52     -0.35     -0.44      0.85      0.3       0.45     -0.081     0.89    
  -0.2      -0.4       0.9       0.97     -0.21      0.12      0.14      0.89      0.43    
  -0.65     -0.76      0.03      0.75     -0.64     -0.16      0.14     -0.083     0.99    
   0        -1        -0.0097    1         0         0         0        -0.0097    1       
   0.78     -0.52     -0.35      0.44      0.85     -0.3       0.45      0.081     0.89    
   0.2      -0.4       0.9       0.97      0.21     -0.12     -0.14      0.89      0.43    
   0.65     -0.76      0.03      0.75      0.64      0.16     -0.14     -0.083     0.99    
   0        -1        -0.0097    1         0         0         0        -0.0097    1       
   0        -1         0         1         0        -0.0061    0.0061    0         1       
   0        -1         0         1         0         0.09     -0.09      0         1       
   0        -1         0         1         0         0         0         0         1       
   0        -1         0         1         0         0.0061   -0.0061    0         1       
   0        -1         0         1         0        -0.09      0.09      0         1       
   0        -1         0         1         0         0         0         0         1       

XANCHOR
   0         0         0.71    
   0         0         0.71    
   0         0         0.71    
   0.035     0.061     0.5     
   0.035     0.082     0.25    
   0.035    -0.061     0.5     
   0.035    -0.082     0.25    

XAXIS
   0         0         1       
   1         0         0       
   0         1         0       
   0         1         0       
   0         1         0       
   0         1         0       
   0         1         0       

GEOM_XPOS
   0         0         0       
   9.4e-12  -2e-12     0.71    
   0         0         0.71    
  -0.032     0.08      0.54    
   0.024     0.05      0.51    
   0.041     0.091     0.43    
   0.035     0.082     0.11    
   0.035     0.082     0.021   
  -0.032    -0.08      0.54    
   0.024    -0.05      0.51    
   0.041    -0.091     0.43    
   0.035    -0.082     0.11    
   0.035    -0.082     0.021   
   3.1e-06   0.045     0.9     
  -0.0014    0.12      0.86    
  -0.00013   0.13      0.66    
   3.1e-06  -0.049     0.9     
  -0.0014   -0.12      0.86    
  -0.00013  -0.13      0.66    

GEOM_XMAT
   1         0         0         0         1         0         0         0         1       
   1         0         0         0         1         0         0         0         1       
   1         0         0         0         1         0         0         0         1       
   0.86      0.044     0.51      0.29      0.77     -0.56     -0.42      0.63      0.65    
   0.42      0.4       0.81      0.9      -0.043    -0.44     -0.14      0.92     -0.38    
   0.49     -0.87     -0.053     0.87      0.48      0.079    -0.043    -0.085     1       
   0.008    -1         0.01      1         0.008     0.00024  -0.00032   0.01      1       
   1         0         0         0         1         0         0         0         1       
   0.86     -0.044     0.51     -0.29      0.77      0.56     -0.42     -0.63      0.65    
  -0.42      0.4       0.81      0.9       0.043     0.44      0.14      0.92     -0.38    
  -0.49     -0.87     -0.053     0.87     -0.48     -0.079     0.043    -0.085     1       
   0.008    -1         0.01      1         0.008     0.00024  -0.00032   0.01      1       
   1         0         0         0         1         0         0         0         1       
   0.00012  -1         0.00037   1         9.4e-05  -0.055     0.055     0.00038   1       
   1        -0.047     0.032     0.051     0.99     -0.15     -0.025     0.15      0.99    
  -5.6e-17  -1         0.0015    1         0         0         0         0.0015    1       
   0.00012  -1         0.00037   1         9.4e-05  -0.055     0.055     0.00038   1       
   1         0.047     0.032    -0.051     0.99      0.15     -0.025    -0.15      0.99    
  -5.6e-17  -1         0.0015    1         0         0         0         0.0015    1       

SUBTREE_COM
   0.0049    0         0.64    
   0.0049    0         0.64    
   0.012     0.08      0.47    
   0.032     0.079     0.45    
   0.038     0.1       0.42    
   0.035     0.082     0.15    
   0.012    -0.08      0.47    
   0.032    -0.079     0.45    
   0.038    -0.1       0.42    
   0.035    -0.082     0.15    
   0         0.075     0.87    
   0         0.12      0.8     
   0         0.13      0.66    
   0        -0.075     0.87    
   0        -0.12      0.8     
   0        -0.13      0.66    

CDOF
   0         0         0         0         0         1       
   0         0         0         1         0         0       
   0         1         0        -0.071     0        -0.0049  
   0         1         0         0.14     -0         0.03    
   0         1         0         0.39     -0         0.03    
   0         1         0         0.14     -0         0.03    
   0         1         0         0.39     -0         0.03    

CINERT
   0         0         0         0         0         0         0         0         0         0       
   0.063     0.056     0.015     0         0.0021    0        -0.03      0         0.42      6       
   0.018     0.014     0.0084    0.0032   -0.0043    0.0077   -0.039     0.068    -0.093     0.8     
   0.016     0.015     0.0021   -0.00062   0.0019    0.004     0.015     0.03     -0.1       0.79    
   0.06      0.048     0.016    -0.0043    0.0069    0.024     0.04      0.13     -0.22      1.2     
   0.05      0.049     0.0016   -0.00049   0.0029    0.0079    0.006     0.016    -0.096     0.2     
   0.018     0.014     0.0084   -0.0032   -0.0043   -0.0077   -0.039    -0.068    -0.093     0.8     
   0.016     0.015     0.0021    0.00062   0.0019   -0.004     0.015    -0.03     -0.1       0.79    
   0.06      0.048     0.016     0.0043    0.0069   -0.024     0.04     -0.13     -0.22      1.2     
   0.05      0.049     0.0016    0.00049   0.0029   -0.0079    0.006    -0.016    -0.096     0.2     
   0.062     0.06      0.0024    0.0002    0.0011   -0.011    -0.0041    0.04      0.22      0.84    
   0.023     0.018     0.0051    0.0002    0.00037  -0.009    -0.0017    0.042     0.074     0.35    
   0.0029    0.00071   0.0022    8.4e-05   1e-05    -0.00027  -0.00064   0.017     0.0021    0.13    
   0.062     0.06      0.0024   -0.0002    0.0011    0.011    -0.0041   -0.04      0.22      0.84    
   0.023     0.018     0.0051   -0.0002    0.00037   0.009    -0.0017   -0.042     0.074     0.35    
   0.0029    0.00071   0.0022   -8.4e-05   1e-05     0.00027  -0.00064  -0.017     0.0021    0.13    

ACTUATOR_LENGTH
   0       
   0       
   0       
   0       
   0       
   0       
   0       
   0       
   0       
   0       
   0       
   0       

ACTUATOR_MOMENT
   0         0         0         1         0         0         0       
   0         0         0         0         1         0         0       
   0         0         0         0         0         1         0       
   0         0         0         0         0         0         1       
   0         0         0         1         0         0         0       
   0         0         0         0         1         0         0       
   0         0         0         0         0         1         0       
   0         0         0         0         0         0         1       
   0         0         0         1         0         0         0       
   0         0         0         0         1         0         0       
   0         0         0         0         0         1         0       
   0         0         0         0         0         0         1       

CRB
   0         0         0         0         0         0         0         0         0         0       
   0.52      0.46      0.091     0         0.02      0         0         0        -8.9e-16   15      
   0.14      0.13      0.028    -0.0022    0.0074    0.043     0.021     0.24     -0.51      3       
   0.13      0.11      0.02     -0.0054    0.012     0.036     0.06      0.17     -0.42      2.2     
   0.11      0.097     0.018    -0.0048    0.0099    0.032     0.046     0.14     -0.31      1.4     
   0.05      0.049     0.0016   -0.00049   0.0029    0.0079    0.006     0.016    -0.096     0.2     
   0.14      0.13      0.028     0.0022    0.0074   -0.043     0.021    -0.24     -0.51      3       
   0.13      0.11      0.02      0.0054    0.012    -0.036     0.06     -0.17     -0.42      2.2     
   0.11      0.097     0.018     0.0048    0.0099   -0.032     0.046    -0.14     -0.31      1.4     
   0.05      0.049     0.0016    0.00049   0.0029   -0.0079    0.006    -0.016    -0.096     0.2     
   0.087     0.078     0.0098    0.00048   0.0015   -0.02     -0.0065    0.098     0.3       1.3     
   0.026     0.018     0.0074    0.00029   0.00038  -0.0093   -0.0024    0.058     0.076     0.48    
   0.0029    0.00071   0.0022    8.4e-05   1e-05    -0.00027  -0.00064   0.017     0.0021    0.13    
   0.087     0.078     0.0098   -0.00048   0.0015    0.02     -0.0065   -0.098     0.3       1.3     
   0.026     0.018     0.0074   -0.00029   0.00038   0.0093   -0.0024   -0.058     0.076     0.48    
   0.0029    0.00071   0.0022   -8.4e-05   1e-05     0.00027  -0.00064  -0.017     0.0021    0.13    

QM
   15        0        -0.072    -0.0043   -0.00014  -0.0043   -0.00014 
   0         15       -1        -0.12     -0.02     -0.12     -0.02    
  -0.072    -1         0.54      0.061     0.013     0.061     0.013   
  -0.0043   -0.12      0.061     0.036     0.0086    0         0       
  -0.00014  -0.02      0.013     0.0086    0.0037    0         0       
  -0.0043   -0.12      0.061     0         0         0.036     0.0086  
  -0.00014  -0.02      0.013     0         0         0.0086    0.0037  

QLD
   15       -0.011    -0.17     -0.25     -0.037    -0.25     -0.037   
  -0.011     13       -1.9      -4.6      -5.4      -4.6      -5.4     
  -0.17     -1.9       0.33      2         3.5       2         3.5     
  -0.25     -4.6       2         0.016     2.3       0         0       
  -0.037    -5.4       3.5       2.3       0.0037    0         0       
  -0.25     -4.6       2         0         0         0.016     2.3     
  -0.037    -5.4       3.5       0         0         2.3       0.0037  

QLDIAGINV
   0.069   
   0.079   
   3.1     
   63      
   2.7e+02 
   63      
   2.7e+02 

QLDIAGSQRTINV
   0.26    
   0.28    
   1.7     
   7.9     
   16      
   7.9     
   16      

D_rownnz              7 7 7 5 5 5 5

D_rowadr              0 7 14 21 26 31 36

D_colind              0 1 2 3 4 5 6 0 1 2 3 4 5 6 0 1 2 3 4 5 6 0 1 2 3 4 0 1 2 3 4 0 1 2 5 6 0 1 2 5 6

B_rownnz              7 7 5 5 5 5 5 5 5 5 3 3 3 3 3 3

B_rowadr              0 7 14 19 24 29 34 39 44 49 54 57 60 63 66 69

B_colind              0 1 2 3 4 5 6 0 1 2 3 4 5 6 0 1 2 3 4 0 1 2 3 4 0 1 2 3 4 0 1 2 3 4 0 1 2 5 6 0 1 2 5 6 0 1 2 5 6 0 1 2 5 6 0 1 2 0 1 2 0 1 2 0 1 2 0 1 2 0 1 2

QDERIV
   0         0         0         0         0         0         0       
   0         0         0         0         0         0         0       
   0         0         0         0         0         0         0       
   0         0         0         0         0         0         0       
   0         0         0         0         0         0         0       
   0         0         0         0         0         0         0       
   0         0         0         0         0         0         0       

QLU
   0         0         0         0         0         0         0       
   0         0         0         0         0         0         0       
   0         0         0         0         0         0         0       
   0         0         0         0         0         0         0       
   0         0         0         0         0         0         0       
   0         0         0         0         0         0         0       
   0         0         0         0         0         0         0       

CONTACT
ACTUATOR_VELOCITY
   0.0071  
   0.004   
   0.0071  
   0.004   
   0.0071  
   0.004   
   0.0071  
   0.004   
   0.0071  
   0.004   
   0.0071  
   0.004   

CVEL
   0         0         0         0         0         0       
   0         1.6       0        -1.1       0         0.41    
   0         1.6       0        -1.1       0         0.41    
   0         1.6       0        -1.1       0         0.41    
   0         1.6       0        -1.1       0         0.41    
   0         1.6       0        -1.1       0         0.41    
   0         1.6       0        -1.1       0         0.41    
   0         1.6       0        -1.1       0         0.41    
   0         1.6       0        -1.1       0         0.41    
   0         1.6       0        -1.1       0         0.41    
   0         1.6       0        -1.1       0         0.41    
   0         1.6       0        -1.1       0         0.41    
   0         1.6       0        -1.1       0         0.41    
   0         1.6       0        -1.1       0         0.41    
   0         1.6       0        -1.1       0         0.41    
   0         1.6       0        -1.1       0         0.41    

CDOF_DOT
   0         0         0         0         0         0       
   0         0         0         0         0         0       
   0         0         0        -0.42      0        -1       
   0         0         0        -0.37      0        -1.4     
   0         0         0        -0.37      0        -1.8     
   0         0         0        -0.37      0        -1.4     
   0         0         0        -0.37      0        -1.8     

QFRC_BIAS
   1.5e+02 
  -0.19    
  -0.71    
  -0.034   
   0.00026 
  -0.034   
   0.00026 

QFRC_PASSIVE
   0       
   0       
   0       
   0       
   0       
   0       
   0       

SUBTREE_LINVEL
   0         0         0       
   0         0         0       
   0         0         0       
   0         0         0       
   0         0         0       
   0         0         0       
   0         0         0       
   0         0         0       
   0         0         0       
   0         0         0       
   0         0         0       
   0         0         0       
   0         0         0       
   0         0         0       
   0         0         0       
   0         0         0       

SUBTREE_ANGMOM
   0         0         0       
   0         0         0       
   0         0         0       
   0         0         0       
   0         0         0       
   0         0         0       
   0         0         0       
   0         0         0       
   0         0         0       
   0         0         0       
   0         0         0       
   0         0         0       
   0         0         0       
   0         0         0       
   0         0         0       
   0         0         0       

ACTUATOR_FORCE
   0       
   0       
   0       
   0       
  -0.021   
  -0.012   
  -0.021   
  -0.012   
   0       
   0       
   0       
   0       

QFRC_ACTUATOR
   0       
   0       
   0       
  -0.021   
  -0.012   
  -0.021   
  -0.012   

QFRC_SMOOTH
  -1.5e+02 
   0.19    
   0.71    
   0.012   
  -0.012   
   0.012   
  -0.012   

QACC_SMOOTH
  -10      
   0.015   
   0.26    
  -0.35    
  -3.7     
  -0.35    
  -3.7     

QFRC_CONSTRAINT
   0       
   0       
   0       
   0       
   0       
   0       
   0       

QFRC_INVERSE
   0       
   0       
   0       
   0       
   0       
   0       
   0       

CACC
   0         0         0         0         0         0       
   0         0         0         0         0         0       
   0         0         0         0         0         0       
   0         0         0         0         0         0       
   0         0         0         0         0         0       
   0         0         0         0         0         0       
   0         0         0         0         0         0       
   0         0         0         0         0         0       
   0         0         0         0         0         0       
   0         0         0         0         0         0       
   0         0         0         0         0         0       
   0         0         0         0         0         0       
   0         0         0         0         0         0       
   0         0         0         0         0         0       
   0         0         0         0         0         0       
   0         0         0         0         0         0       

CFRC_INT
   0         0         0         0         0         0       
   0         0         0         0         0         0       
   0         0         0         0         0         0       
   0         0         0         0         0         0       
   0         0         0         0         0         0       
   0         0         0         0         0         0       
   0         0         0         0         0         0       
   0         0         0         0         0         0       
   0         0         0         0         0         0       
   0         0         0         0         0         0       
   0         0         0         0         0         0       
   0         0         0         0         0         0       
   0         0         0         0         0         0       
   0         0         0         0         0         0       
   0         0         0         0         0         0       
   0         0         0         0         0         0       

CFRC_EXT
   0         0         0         0         0         0       
   0         0         0         0         0         0       
   0         0         0         0         0         0       
   0         0         0         0         0         0       
   0         0         0         0         0         0       
   0         0         0         0         0         0       
   0         0         0         0         0         0       
   0         0         0         0         0         0       
   0         0         0         0         0         0       
   0         0         0         0         0         0       
   0         0         0         0         0         0       
   0         0         0         0         0         0       
   0         0         0         0         0         0       
   0         0         0         0         0         0       
   0         0         0         0         0         0       
   0         0         0         0         0         0       

